34.327
0.609
0.127
0.208
0.129
0.207
0.128
0.192
0.144
0.192
0.144
0.192
0.128
0.208
0.128
0.208
0.129
0.207
0.128
0.192
0.144
0.192
0.144
0.192
0.128
0.208
0.128
0.208
0.128
0.192
0.080
0.128
0.080
0.176
0.080
0.160
0.096
0.160
0.080
0.176
0.112
0.192
0.144
0.192
0.144
0.193
0.127
0.208
0.128
0.208
0.128
0.208
0.128
0.160
0.096
0.160
0.128
0.160
0.080
0.128
0.128
0.128
0.128
0.160
0.080
0.176
0.128
0.160
0.080
0.128
0.080
0.176
0.112
0.176
0.080
0.160
0.096
0.160
0.128
0.192
0.144
0.193
0.128
0.143
0.128
0.128
0.144
0.128
0.128
0.208
0.128
0.208
0.128
0.128
0.144
0.192
0.144
0.192
0.128
0.144
0.128
0.128
0.128
0.160
0.080
0.176
0.080
0.128
0.128
0.176
0.128
0.192
0.144
0.192
0.144
0.192
0.128
0.208
0.128
0.208
0.128
0.192
0.080
0.128
0.128
0.128
0.128
0.160
0.080
0.128
0.128
0.176
0.128
0.208
0.128
0.192
0.144
0.192
0.144
0.192
0.129
0.208
0.128
0.208
0.128
0.144
0.080
